1.3506493506493507,0.6493506493506493
0.5844155844155844,0.03896103896103896
0.2727272727272727,0.7662337662337663
0.19480519480519481,0.6103896103896104
1.5194805194805194,0.5844155844155844
1.103896103896104,0.8441558441558441
0.8571428571428571,0.07792207792207792
1.2077922077922079,0.8441558441558441
0.7922077922077922,0.8701298701298701
0.8961038961038961,0.5844155844155844
0.2727272727272727,0.5844155844155844
1.2207792207792207,0.0
0.6493506493506493,0.12987012987012986
0.7272727272727273,0.8051948051948052
0.7402597402597403,0.7142857142857143
0.36363636363636365,0.3116883116883117
1.4025974025974026,0.12987012987012986
0.37662337662337664,0.6623376623376623
1.2467532467532467,0.5714285714285714
1.2727272727272727,0.5454545454545454
0.922077922077922,0.6103896103896104
1.4025974025974026,0.4675324675324675
0.7532467532467533,0.5714285714285714
1.4675324675324675,0.2727272727272727
0.922077922077922,0.16883116883116883
0.24675324675324675,0.6363636363636364
0.7792207792207793,0.44155844155844154
0.8701298701298701,0.11688311688311688
0.2987012987012987,0.5844155844155844
0.42857142857142855,0.7662337662337663
0.8961038961038961,0.19480519480519481
1.3116883116883118,0.35064935064935066
0.3246753246753247,0.8701298701298701
0.7012987012987013,0.8311688311688312
1.2207792207792207,0.07792207792207792
0.4155844155844156,0.18181818181818182
0.5844155844155844,0.8701298701298701
1.4935064935064934,0.7402597402597403
1.2727272727272727,0.5194805194805194
0.935064935064935,0.1038961038961039
0.8571428571428571,0.15584415584415584
1.0649350649350648,0.0
1.5584415584415585,0.4675324675324675
1.2207792207792207,0.2077922077922078
0.974025974025974,0.6883116883116883
0.7142857142857143,0.19480519480519481
1.0129870129870129,0.3116883116883117
0.3116883116883117,0.1038961038961039
0.7142857142857143,0.8701298701298701
1.2467532467532467,0.7012987012987013
1.2207792207792207,0.6493506493506493
0.5714285714285714,0.6233766233766234
0.8181818181818182,0.7142857142857143
1.2207792207792207,0.7792207792207793
1.2207792207792207,0.15584415584415584
0.37662337662337664,0.14285714285714285
0.8831168831168831,0.2077922077922078
0.6623376623376623,0.09090909090909091
0.2857142857142857,0.18181818181818182
0.35064935064935066,0.16883116883116883
0.7272727272727273,0.7792207792207793
1.2597402597402598,0.012987012987012988
0.37662337662337664,0.35064935064935066
1.025974025974026,0.45454545454545453
0.5324675324675324,0.7662337662337663
0.974025974025974,0.7662337662337663
1.4155844155844155,0.6363636363636364
0.974025974025974,0.8701298701298701
0.9090909090909091,0.6493506493506493
0.6493506493506493,0.36363636363636365
1.4415584415584415,0.5064935064935064
1.155844155844156,0.35064935064935066
0.36363636363636365,0.7792207792207793
1.077922077922078,0.3246753246753247
1.3376623376623376,0.5844155844155844
0.35064935064935066,0.5324675324675324
0.6493506493506493,0.8051948051948052
1.0649350649350648,0.6753246753246753
0.4675324675324675,0.5974025974025974
0.8181818181818182,0.06493506493506493
0.4155844155844156,0.4675324675324675
1.6103896103896105,0.6753246753246753
0.2727272727272727,0.2987012987012987
0.5064935064935064,0.8701298701298701
1.4675324675324675,0.24675324675324675
1.3376623376623376,0.35064935064935066
1.2987012987012987,0.7012987012987013
0.6363636363636364,0.16883116883116883
1.051948051948052,0.5064935064935064
1.5064935064935066,0.5454545454545454
1.2207792207792207,0.4155844155844156
1.2467532467532467,0.05194805194805195
1.0389610389610389,0.5714285714285714
1.2337662337662338,0.2987012987012987
1.3376623376623376,0.3246753246753247
0.4805194805194805,0.24675324675324675
0.37662337662337664,0.7142857142857143
0.44155844155844154,0.8571428571428571
0.8831168831168831,0.7532467532467533
0.8441558441558441,0.6623376623376623
0.7792207792207793,0.8571428571428571
1.0129870129870129,0.8571428571428571
0.8961038961038961,0.14285714285714285
1.0389610389610389,0.0
1.0909090909090908,0.6493506493506493
1.1168831168831168,0.5714285714285714
1.3636363636363635,0.09090909090909091
0.4155844155844156,0.2857142857142857
1.0,0.6363636363636364
1.155844155844156,0.7922077922077922
1.0129870129870129,0.5714285714285714
0.2857142857142857,0.5454545454545454
1.0909090909090908,0.36363636363636365
0.7532467532467533,0.3116883116883117
1.1948051948051948,0.5714285714285714
0.23376623376623376,0.7792207792207793
0.5324675324675324,0.24675324675324675
0.5844155844155844,0.3246753246753247
1.4675324675324675,0.5324675324675324
1.4545454545454546,0.7532467532467533
0.24675324675324675,0.22077922077922077
0.6493506493506493,0.6753246753246753
0.33766233766233766,0.6753246753246753
0.7662337662337663,0.09090909090909091
1.3116883116883118,0.7662337662337663
1.0649350649350648,0.12987012987012986
1.155844155844156,0.6883116883116883
0.5324675324675324,0.6623376623376623
0.2077922077922078,0.5974025974025974
0.7662337662337663,0.7142857142857143
1.3506493506493507,0.5454545454545454
0.5064935064935064,0.5324675324675324
1.0,0.11688311688311688
0.987012987012987,0.05194805194805195
0.2077922077922078,0.1038961038961039
0.8961038961038961,0.03896103896103896
1.2857142857142858,0.8441558441558441
0.6623376623376623,0.6883116883116883
1.0389610389610389,0.7272727272727273
1.077922077922078,0.09090909090909091
1.3636363636363635,0.11688311688311688
0.7532467532467533,0.4935064935064935
0.5714285714285714,0.5454545454545454
0.35064935064935066,0.3246753246753247
0.5064935064935064,0.4805194805194805
0.4025974025974026,0.7922077922077922
1.3246753246753247,0.4935064935064935
0.6493506493506493,0.5454545454545454
1.0649350649350648,0.07792207792207792
0.8831168831168831,0.36363636363636365
1.5844155844155845,0.7012987012987013
1.051948051948052,0.6623376623376623
0.22077922077922077,0.7662337662337663
1.3246753246753247,0.05194805194805195
0.5324675324675324,0.7922077922077922
0.8701298701298701,0.06493506493506493
0.4155844155844156,0.6493506493506493
0.4155844155844156,0.4155844155844156
1.4155844155844155,0.7142857142857143
1.4805194805194806,0.44155844155844154
0.33766233766233766,0.4155844155844156
0.4675324675324675,0.8311688311688312
0.4675324675324675,0.1038961038961039
1.077922077922078,0.11688311688311688
0.2597402597402597,0.6493506493506493
0.19480519480519481,0.7402597402597403
1.0649350649350648,0.2857142857142857
1.3506493506493507,0.4675324675324675
0.935064935064935,0.12987012987012986
1.3506493506493507,0.7272727272727273
0.8181818181818182,0.42857142857142855
0.7922077922077922,0.6363636363636364
1.077922077922078,0.03896103896103896
1.0,0.7922077922077922
0.8051948051948052,0.6753246753246753
0.7402597402597403,0.6883116883116883
0.42857142857142855,0.06493506493506493
0.16883116883116883,0.7922077922077922
0.35064935064935066,0.6103896103896104
0.8441558441558441,0.22077922077922077
0.922077922077922,0.5324675324675324
0.5324675324675324,0.5064935064935064
1.4935064935064934,0.42857142857142855
0.5974025974025974,0.7792207792207793
0.9090909090909091,0.18181818181818182
1.2987012987012987,0.1038961038961039
0.5584415584415584,0.3246753246753247
0.7532467532467533,0.7792207792207793
1.3766233766233766,0.6493506493506493
1.3896103896103895,0.16883116883116883
1.4285714285714286,0.4935064935064935
0.5584415584415584,0.7662337662337663
1.1428571428571428,0.7792207792207793
0.922077922077922,0.3246753246753247
0.5844155844155844,0.11688311688311688
0.24675324675324675,0.8701298701298701
1.3766233766233766,0.4155844155844156
0.935064935064935,0.6233766233766234
1.0389610389610389,0.5454545454545454
1.1168831168831168,0.1038961038961039
1.2337662337662338,0.7402597402597403
1.103896103896104,0.6103896103896104
0.5324675324675324,0.35064935064935066
0.7402597402597403,0.42857142857142855
0.8571428571428571,0.38961038961038963
1.0389610389610389,0.7532467532467533
0.44155844155844154,0.0
0.7012987012987013,0.4935064935064935
1.12987012987013,0.7922077922077922
1.0,0.35064935064935066
0.7532467532467533,0.05194805194805195
1.4285714285714286,0.6753246753246753
1.4025974025974026,0.4155844155844156
0.19480519480519481,0.7922077922077922
1.5844155844155845,0.7272727272727273
1.5194805194805194,0.6883116883116883
1.1688311688311688,0.4935064935064935
0.5974025974025974,0.5454545454545454
0.38961038961038963,0.6233766233766234
1.2987012987012987,0.4155844155844156
0.38961038961038963,0.2857142857142857
0.7532467532467533,0.33766233766233766
1.4675324675324675,0.6623376623376623
0.24675324675324675,0.5324675324675324
1.2857142857142858,0.6363636363636364
0.6233766233766234,0.36363636363636365
0.2597402597402597,0.5194805194805194
0.2727272727272727,0.37662337662337664
0.8571428571428571,0.2077922077922078
0.23376623376623376,0.12987012987012986
1.2987012987012987,0.07792207792207792
0.5974025974025974,0.4155844155844156
0.5194805194805194,0.5194805194805194
0.4805194805194805,0.19480519480519481
1.0,0.37662337662337664
1.2987012987012987,0.18181818181818182
1.4025974025974026,0.44155844155844154
0.33766233766233766,0.7532467532467533
0.19480519480519481,0.6883116883116883
0.36363636363636365,0.8831168831168831
0.4805194805194805,0.4025974025974026
1.2597402597402598,0.6623376623376623
0.2727272727272727,0.6883116883116883
0.7012987012987013,0.2857142857142857
1.1818181818181819,0.8181818181818182
1.077922077922078,0.2987012987012987
0.36363636363636365,0.5454545454545454
0.36363636363636365,0.8311688311688312
0.8701298701298701,0.19480519480519481
1.5974025974025974,0.5324675324675324
1.3636363636363635,0.22077922077922077
0.3116883116883117,0.6493506493506493
0.2077922077922078,0.6493506493506493
0.7402597402597403,0.3246753246753247
0.7402597402597403,0.7402597402597403
1.6103896103896105,0.5194805194805194
1.2727272727272727,0.1038961038961039
0.8311688311688312,0.8051948051948052
0.5064935064935064,0.16883116883116883
0.8831168831168831,0.8571428571428571
0.33766233766233766,0.1038961038961039
0.35064935064935066,0.03896103896103896
1.2207792207792207,0.025974025974025976
0.45454545454545453,0.7922077922077922
0.987012987012987,0.2077922077922078
1.1428571428571428,0.6753246753246753
1.1688311688311688,0.23376623376623376
1.4155844155844155,0.5064935064935064
0.6103896103896104,0.5324675324675324
0.38961038961038963,0.7012987012987013
1.12987012987013,0.5584415584415584
0.5194805194805194,0.2077922077922078
1.2987012987012987,0.23376623376623376
0.8701298701298701,0.6883116883116883
1.1428571428571428,0.33766233766233766
0.6623376623376623,0.7662337662337663
0.7402597402597403,0.19480519480519481
1.1688311688311688,0.8051948051948052
1.6103896103896105,0.7532467532467533
0.24675324675324675,0.7662337662337663
1.4805194805194806,0.2077922077922078
0.4155844155844156,0.33766233766233766
0.5714285714285714,0.6493506493506493
1.4545454545454546,0.4675324675324675
0.7142857142857143,0.7142857142857143
0.987012987012987,0.1038961038961039
0.2857142857142857,0.5714285714285714
0.8701298701298701,0.45454545454545453
1.2857142857142858,0.4805194805194805
0.6103896103896104,0.8961038961038961
1.1688311688311688,0.38961038961038963
1.0129870129870129,0.15584415584415584
0.4805194805194805,0.8181818181818182
0.2857142857142857,0.5974025974025974
0.987012987012987,0.2857142857142857
0.8051948051948052,0.2077922077922078
0.14285714285714285,0.8961038961038961
1.4285714285714286,0.12987012987012986
0.961038961038961,0.025974025974025976
1.3506493506493507,0.05194805194805195
0.45454545454545453,0.3246753246753247
0.7012987012987013,0.7532467532467533
0.4805194805194805,0.8701298701298701
1.1948051948051948,0.6233766233766234
1.3116883116883118,0.7142857142857143
0.38961038961038963,0.2077922077922078
1.1948051948051948,0.4935064935064935
1.3506493506493507,0.5714285714285714
1.155844155844156,0.45454545454545453
1.1688311688311688,0.1038961038961039
1.2727272727272727,0.6753246753246753
1.2077922077922079,0.7922077922077922
1.2467532467532467,0.3116883116883117
0.5974025974025974,0.5194805194805194
1.1818181818181819,0.19480519480519481
0.6753246753246753,0.38961038961038963
0.2727272727272727,0.16883116883116883
0.8441558441558441,0.8441558441558441
1.3506493506493507,0.6233766233766234
0.42857142857142855,0.6103896103896104
0.8181818181818182,0.6103896103896104
1.4155844155844155,0.7402597402597403
0.6753246753246753,0.44155844155844154
1.0,0.3246753246753247
1.4285714285714286,0.4675324675324675
0.4155844155844156,0.23376623376623376
0.8571428571428571,0.7532467532467533
1.0389610389610389,0.5194805194805194
0.3116883116883117,0.7272727272727273
1.025974025974026,0.7142857142857143
1.2337662337662338,0.6103896103896104
0.8441558441558441,0.8181818181818182
0.8181818181818182,0.2727272727272727
1.2207792207792207,0.36363636363636365
0.6493506493506493,0.33766233766233766
1.3636363636363635,0.06493506493506493
0.45454545454545453,0.5584415584415584
1.2857142857142858,0.3246753246753247
0.948051948051948,0.2727272727272727
0.8961038961038961,0.09090909090909091
1.3506493506493507,0.4935064935064935
0.9090909090909091,0.7532467532467533
0.987012987012987,0.7012987012987013
1.4285714285714286,0.8051948051948052
1.4545454545454546,0.4935064935064935
1.2207792207792207,0.7532467532467533
1.155844155844156,0.24675324675324675
0.8181818181818182,0.45454545454545453
0.7922077922077922,0.14285714285714285
0.44155844155844154,0.23376623376623376
1.4155844155844155,0.6103896103896104
0.2727272727272727,0.7922077922077922
1.0909090909090908,0.2597402597402597
0.8961038961038961,0.2727272727272727
0.5714285714285714,0.5714285714285714
1.2467532467532467,0.1038961038961039
1.4025974025974026,0.8051948051948052
0.7922077922077922,0.5064935064935064
1.1168831168831168,0.025974025974025976
1.103896103896104,0.06493506493506493
0.6233766233766234,0.5194805194805194
0.6493506493506493,0.5714285714285714
0.6363636363636364,0.5844155844155844
0.8181818181818182,0.2987012987012987
1.0129870129870129,0.6753246753246753
0.19480519480519481,0.11688311688311688
0.3246753246753247,0.8181818181818182
1.2987012987012987,0.7532467532467533
0.8701298701298701,0.8701298701298701
0.961038961038961,0.2077922077922078
1.5324675324675325,0.6233766233766234
1.3376623376623376,0.37662337662337664
0.7662337662337663,0.8701298701298701
0.922077922077922,0.7922077922077922
0.7662337662337663,0.19480519480519481
0.16883116883116883,0.8961038961038961
1.3766233766233766,0.8311688311688312
1.4285714285714286,0.38961038961038963
0.7792207792207793,0.2077922077922078
0.5844155844155844,0.8181818181818182
1.1688311688311688,0.6233766233766234
1.5844155844155845,0.5454545454545454
0.6753246753246753,0.5714285714285714
0.6103896103896104,0.35064935064935066
0.8701298701298701,0.3246753246753247
0.7012987012987013,0.05194805194805195
1.103896103896104,0.24675324675324675
1.4415584415584415,0.16883116883116883
0.4025974025974026,0.2727272727272727
1.0129870129870129,0.7792207792207793
1.4805194805194806,0.7272727272727273
1.5844155844155845,0.4935064935064935
0.2597402597402597,0.8311688311688312
1.2337662337662338,0.11688311688311688
1.1688311688311688,0.05194805194805195
1.2077922077922079,0.5844155844155844
0.33766233766233766,0.8311688311688312
0.19480519480519481,0.8961038961038961
1.4805194805194806,0.4155844155844156
0.3116883116883117,0.5974025974025974
0.7662337662337663,0.2987012987012987
0.948051948051948,0.6103896103896104
0.7922077922077922,0.06493506493506493
0.2077922077922078,0.44155844155844154
0.6363636363636364,0.8441558441558441
1.051948051948052,0.2987012987012987
0.8831168831168831,0.18181818181818182
1.155844155844156,0.14285714285714285
1.4285714285714286,0.6493506493506493
1.5584415584415585,0.6233766233766234
0.4155844155844156,0.5194805194805194
1.3246753246753247,0.2857142857142857
1.0389610389610389,0.23376623376623376
0.8181818181818182,0.09090909090909091
0.7142857142857143,0.2727272727272727
0.9090909090909091,0.7272727272727273
1.2987012987012987,0.2597402597402597
1.155844155844156,0.012987012987012988
1.1818181818181819,0.7922077922077922
0.33766233766233766,0.33766233766233766
1.4155844155844155,0.19480519480519481
0.5324675324675324,0.2987012987012987
1.4545454545454546,0.5454545454545454
1.1428571428571428,0.07792207792207792
1.155844155844156,0.11688311688311688
0.6623376623376623,0.4025974025974026
0.3116883116883117,0.15584415584415584
1.1168831168831168,0.8311688311688312
1.6233766233766234,0.6883116883116883
0.5194805194805194,0.38961038961038963
1.0389610389610389,0.18181818181818182
0.948051948051948,0.24675324675324675
0.6363636363636364,0.6103896103896104
1.1168831168831168,0.15584415584415584
1.4675324675324675,0.5844155844155844
0.7142857142857143,0.5844155844155844
1.2337662337662338,0.012987012987012988
1.5194805194805194,0.7922077922077922
1.3636363636363635,0.7922077922077922
1.4935064935064934,0.7142857142857143
1.1428571428571428,0.05194805194805195
0.6233766233766234,0.23376623376623376
0.987012987012987,0.5974025974025974
1.1818181818181819,0.5844155844155844
0.5194805194805194,0.4155844155844156
0.8831168831168831,0.23376623376623376
0.7272727272727273,0.07792207792207792
1.2467532467532467,0.5194805194805194
0.987012987012987,0.33766233766233766
1.5844155844155845,0.5714285714285714
0.5454545454545454,0.7012987012987013
0.2597402597402597,0.1038961038961039
1.2077922077922079,0.11688311688311688
1.1428571428571428,0.36363636363636365
1.5194805194805194,0.6103896103896104
0.37662337662337664,0.3246753246753247
1.1818181818181819,0.06493506493506493
0.7922077922077922,0.4025974025974026
0.8051948051948052,0.2597402597402597
1.4805194805194806,0.7792207792207793
1.5064935064935066,0.7012987012987013
0.8571428571428571,0.4935064935064935
1.1948051948051948,0.23376623376623376
0.3116883116883117,0.7792207792207793
0.8181818181818182,0.14285714285714285
1.3896103896103895,0.45454545454545453
0.7922077922077922,0.35064935064935066
0.8961038961038961,0.11688311688311688
1.3766233766233766,0.2077922077922078
0.5064935064935064,0.6883116883116883
0.935064935064935,0.23376623376623376
0.4025974025974026,0.42857142857142855
1.3116883116883118,0.012987012987012988
0.961038961038961,0.3116883116883117
0.5844155844155844,0.4025974025974026
1.2987012987012987,0.5454545454545454
1.3636363636363635,0.19480519480519481
1.5324675324675325,0.8051948051948052
1.2077922077922079,0.7142857142857143
0.6883116883116883,0.45454545454545453
1.4155844155844155,0.7662337662337663
0.7662337662337663,0.5064935064935064
0.6883116883116883,0.8441558441558441
0.5844155844155844,0.24675324675324675
0.6493506493506493,0.44155844155844154
1.6363636363636365,0.6493506493506493
0.6883116883116883,0.6883116883116883
0.6753246753246753,0.6493506493506493
0.7662337662337663,0.6623376623376623
0.6493506493506493,0.7012987012987013
0.922077922077922,0.11688311688311688
0.2727272727272727,0.8701298701298701
1.4285714285714286,0.2857142857142857
1.0389610389610389,0.36363636363636365
1.3246753246753247,0.6493506493506493
0.8441558441558441,0.03896103896103896
0.5844155844155844,0.6883116883116883
0.5714285714285714,0.18181818181818182
0.8051948051948052,0.5714285714285714
0.6623376623376623,0.012987012987012988
0.5844155844155844,0.5064935064935064
0.38961038961038963,0.7272727272727273
0.974025974025974,0.6363636363636364
1.3376623376623376,0.24675324675324675
1.3506493506493507,0.2597402597402597
0.2597402597402597,0.6233766233766234
0.4155844155844156,0.05194805194805195
0.3116883116883117,0.2077922077922078
1.2207792207792207,0.6753246753246753
0.6883116883116883,0.37662337662337664
0.36363636363636365,0.33766233766233766
0.7402597402597403,0.7922077922077922
0.8441558441558441,0.5064935064935064
1.3506493506493507,0.23376623376623376
0.7402597402597403,0.5584415584415584
1.051948051948052,0.11688311688311688
0.22077922077922077,0.19480519480519481
1.2207792207792207,0.7012987012987013
0.5974025974025974,0.18181818181818182
1.3116883116883118,0.4805194805194805
0.5844155844155844,0.14285714285714285
0.922077922077922,0.06493506493506493
0.922077922077922,0.2727272727272727
1.3636363636363635,0.5844155844155844
0.935064935064935,0.07792207792207792
1.3766233766233766,0.07792207792207792
1.3376623376623376,0.7142857142857143
0.7662337662337663,0.22077922077922077
1.0909090909090908,0.7272727272727273
1.12987012987013,0.2727272727272727
0.974025974025974,0.5844155844155844
0.8831168831168831,0.33766233766233766
1.1948051948051948,0.7012987012987013
1.4675324675324675,0.19480519480519481
1.12987012987013,0.6363636363636364
1.5454545454545454,0.35064935064935066
0.42857142857142855,0.8701298701298701
0.7012987012987013,0.33766233766233766
0.8961038961038961,0.06493506493506493
0.2987012987012987,0.06493506493506493
1.103896103896104,0.012987012987012988
1.12987012987013,0.3246753246753247
0.36363636363636365,0.2077922077922078
0.6493506493506493,0.6493506493506493
0.6493506493506493,0.2857142857142857
0.3116883116883117,0.935064935064935
1.6233766233766234,0.6103896103896104
0.7012987012987013,0.6753246753246753
0.8311688311688312,0.2597402597402597
0.5714285714285714,0.44155844155844154
1.12987012987013,0.37662337662337664
0.6623376623376623,0.5064935064935064
1.2207792207792207,0.6233766233766234
1.5584415584415585,0.6753246753246753
0.5454545454545454,0.6753246753246753
1.0,0.22077922077922077
0.37662337662337664,0.6103896103896104
1.4155844155844155,0.45454545454545453
0.2987012987012987,0.5064935064935064
1.4025974025974026,0.7532467532467533
0.2987012987012987,0.2987012987012987
0.8701298701298701,0.4805194805194805
0.4805194805194805,0.11688311688311688
0.8701298701298701,0.8181818181818182
0.2987012987012987,0.4805194805194805
0.24675324675324675,0.37662337662337664
1.6103896103896105,0.7272727272727273
1.1428571428571428,0.3116883116883117
0.7922077922077922,0.7662337662337663
1.3506493506493507,0.38961038961038963
0.8311688311688312,0.23376623376623376
0.24675324675324675,0.19480519480519481
1.3636363636363635,0.6883116883116883
0.5194805194805194,0.18181818181818182
0.5584415584415584,0.09090909090909091
1.2987012987012987,0.7272727272727273
0.7142857142857143,0.45454545454545453
0.3116883116883117,0.4155844155844156
1.1688311688311688,0.44155844155844154
0.8831168831168831,0.1038961038961039
1.1688311688311688,0.025974025974025976
0.5454545454545454,0.7792207792207793
0.45454545454545453,0.5064935064935064
1.0909090909090908,0.5454545454545454
1.4285714285714286,0.6233766233766234
1.051948051948052,0.14285714285714285
0.5584415584415584,0.24675324675324675
0.3246753246753247,0.24675324675324675
1.0909090909090908,0.0
0.2987012987012987,0.3246753246753247
0.24675324675324675,0.6883116883116883
0.38961038961038963,0.5194805194805194
0.5324675324675324,0.7402597402597403
1.4025974025974026,0.6753246753246753
0.5324675324675324,0.4025974025974026
0.23376623376623376,0.18181818181818182
0.2727272727272727,0.5324675324675324
1.4415584415584415,0.8181818181818182
0.37662337662337664,0.22077922077922077
0.3116883116883117,0.2857142857142857
0.2987012987012987,0.42857142857142855
1.4675324675324675,0.7402597402597403
0.36363636363636365,0.7012987012987013
1.2857142857142858,0.16883116883116883
1.3376623376623376,0.4805194805194805
0.2857142857142857,0.4935064935064935
0.36363636363636365,0.36363636363636365
0.8831168831168831,0.05194805194805195
0.18181818181818182,0.7012987012987013
1.5714285714285714,0.5844155844155844
0.3116883116883117,0.38961038961038963
1.3116883116883118,0.8181818181818182
0.987012987012987,0.07792207792207792
0.4805194805194805,0.6103896103896104
1.4935064935064934,0.35064935064935066
0.44155844155844154,0.3116883116883117
0.7532467532467533,0.7532467532467533
1.0129870129870129,0.4155844155844156
1.1428571428571428,0.4675324675324675
0.44155844155844154,0.4935064935064935
1.5064935064935066,0.4935064935064935
1.3766233766233766,0.7792207792207793
0.2077922077922078,0.8831168831168831
1.5844155844155845,0.4675324675324675
0.6493506493506493,0.15584415584415584
1.4025974025974026,0.3116883116883117
1.1688311688311688,0.2597402597402597
0.9090909090909091,0.5454545454545454
1.5064935064935066,0.6753246753246753
1.1818181818181819,0.6363636363636364
0.45454545454545453,0.6623376623376623
0.44155844155844154,0.2077922077922078
1.1688311688311688,0.4675324675324675
1.077922077922078,0.7142857142857143
0.6103896103896104,0.7142857142857143
1.025974025974026,0.24675324675324675
0.33766233766233766,0.8051948051948052
0.922077922077922,0.37662337662337664
1.2207792207792207,0.8051948051948052
1.3506493506493507,0.36363636363636365
0.4935064935064935,0.44155844155844154
0.8181818181818182,0.6883116883116883
1.12987012987013,0.4805194805194805
0.948051948051948,0.2987012987012987
0.922077922077922,0.7662337662337663
0.8961038961038961,0.37662337662337664
0.8311688311688312,0.4675324675324675
1.2467532467532467,0.7532467532467533
0.22077922077922077,0.5584415584415584
0.6753246753246753,0.7532467532467533
1.2597402597402598,0.3246753246753247
1.025974025974026,0.14285714285714285
0.45454545454545453,0.5324675324675324
0.2857142857142857,0.8051948051948052
1.2467532467532467,0.025974025974025976
0.8571428571428571,0.1038961038961039
1.1818181818181819,0.2987012987012987
0.974025974025974,0.37662337662337664
1.3766233766233766,0.7272727272727273
1.5324675324675325,0.5454545454545454
0.35064935064935066,0.2987012987012987
0.6233766233766234,0.15584415584415584
1.0389610389610389,0.4935064935064935
1.12987012987013,0.35064935064935066
0.6493506493506493,0.5194805194805194
0.18181818181818182,0.7532467532467533
0.8311688311688312,0.7272727272727273
0.5064935064935064,0.35064935064935066
0.38961038961038963,0.33766233766233766
1.3116883116883118,0.5064935064935064
0.7792207792207793,0.1038961038961039
1.3506493506493507,0.6753246753246753
1.12987012987013,0.11688311688311688
0.8831168831168831,0.5194805194805194
0.7662337662337663,0.35064935064935066
0.24675324675324675,0.5064935064935064
0.6883116883116883,0.7662337662337663
1.1818181818181819,0.8441558441558441
1.0649350649350648,0.23376623376623376
1.2987012987012987,0.0
0.974025974025974,0.5584415584415584
1.4285714285714286,0.2077922077922078
0.2857142857142857,0.6753246753246753
0.4025974025974026,0.06493506493506493
0.7272727272727273,0.6493506493506493
1.4025974025974026,0.23376623376623376
0.6883116883116883,0.35064935064935066
0.6493506493506493,0.4935064935064935
1.3376623376623376,0.5064935064935064
0.4935064935064935,0.18181818181818182
0.42857142857142855,0.24675324675324675
0.8051948051948052,0.4935064935064935
0.6103896103896104,0.2727272727272727
1.2987012987012987,0.6233766233766234
0.7012987012987013,0.8571428571428571
0.5714285714285714,0.23376623376623376
1.5454545454545454,0.8181818181818182
0.6753246753246753,0.18181818181818182
1.12987012987013,0.4025974025974026
0.6493506493506493,0.7532467532467533
1.0909090909090908,0.05194805194805195
0.6103896103896104,0.6103896103896104
0.8051948051948052,0.7012987012987013
0.4675324675324675,0.38961038961038963
0.24675324675324675,0.24675324675324675
1.0649350649350648,0.7792207792207793
1.4285714285714286,0.7012987012987013
0.38961038961038963,0.15584415584415584
1.4805194805194806,0.36363636363636365
1.2337662337662338,0.7662337662337663
1.1428571428571428,0.1038961038961039
1.3896103896103895,0.6103896103896104
1.2207792207792207,0.2857142857142857
1.3116883116883118,0.14285714285714285
0.3246753246753247,0.45454545454545453
0.42857142857142855,0.22077922077922077
1.2987012987012987,0.3116883116883117
0.35064935064935066,0.5064935064935064
1.3246753246753247,0.1038961038961039
1.3766233766233766,0.12987012987012986
0.6753246753246753,0.8831168831168831
0.9090909090909091,0.2857142857142857
0.7272727272727273,0.4155844155844156
0.6623376623376623,0.14285714285714285
1.025974025974026,0.8441558441558441
1.0129870129870129,0.7272727272727273
0.8311688311688312,0.2077922077922078
0.7532467532467533,0.5194805194805194
0.7402597402597403,0.8181818181818182
0.2727272727272727,0.11688311688311688
1.5844155844155845,0.6233766233766234
0.4675324675324675,0.7792207792207793
1.5324675324675325,0.4155844155844156
0.6233766233766234,0.9090909090909091
0.2857142857142857,0.6233766233766234
1.4415584415584415,0.24675324675324675
1.025974025974026,0.7402597402597403
0.987012987012987,0.5714285714285714
1.3376623376623376,0.14285714285714285
0.6103896103896104,0.8441558441558441
0.8831168831168831,0.8311688311688312
0.5454545454545454,0.44155844155844154
1.2207792207792207,0.23376623376623376
0.5584415584415584,0.7142857142857143
0.5714285714285714,0.05194805194805195
0.4805194805194805,0.7922077922077922
1.1168831168831168,0.33766233766233766
0.4805194805194805,0.4805194805194805
1.3506493506493507,0.7532467532467533
1.3376623376623376,0.7402597402597403
1.2077922077922079,0.4025974025974026
0.974025974025974,0.06493506493506493
1.0649350649350648,0.15584415584415584
0.33766233766233766,0.07792207792207792
0.35064935064935066,0.6883116883116883
0.5714285714285714,0.7792207792207793
1.3636363636363635,0.42857142857142855
1.5454545454545454,0.7662337662337663
1.3376623376623376,0.2987012987012987
1.2077922077922079,0.6623376623376623
0.44155844155844154,0.05194805194805195
1.077922077922078,0.8181818181818182
0.922077922077922,0.4805194805194805
0.5194805194805194,0.44155844155844154
0.8961038961038961,0.6883116883116883
0.7922077922077922,0.8181818181818182
1.3766233766233766,0.7012987012987013
0.7402597402597403,0.14285714285714285
0.24675324675324675,0.5844155844155844
1.0389610389610389,0.7792207792207793
0.8311688311688312,0.2857142857142857
0.3246753246753247,0.6623376623376623
0.5324675324675324,0.5584415584415584
0.7922077922077922,0.24675324675324675
1.3246753246753247,0.07792207792207792
0.19480519480519481,0.14285714285714285
1.3116883116883118,0.2987012987012987
0.9090909090909091,0.3116883116883117
0.8571428571428571,0.7792207792207793
0.37662337662337664,0.7922077922077922
1.077922077922078,0.5324675324675324
0.36363636363636365,0.7272727272727273
0.2597402597402597,0.7792207792207793
1.3766233766233766,0.2857142857142857
0.24675324675324675,0.5584415584415584
1.1948051948051948,0.8571428571428571
0.9090909090909091,0.6233766233766234
0.935064935064935,0.4155844155844156
0.6753246753246753,0.15584415584415584
0.8311688311688312,0.4155844155844156
0.5454545454545454,0.8051948051948052
0.922077922077922,0.24675324675324675
1.4025974025974026,0.2857142857142857
1.5714285714285714,0.6623376623376623
1.5454545454545454,0.6363636363636364
0.35064935064935066,0.19480519480519481
1.4675324675324675,0.7922077922077922
1.0129870129870129,0.6493506493506493
0.6623376623376623,0.19480519480519481
1.3376623376623376,0.7922077922077922
0.8311688311688312,0.5194805194805194
1.0649350649350648,0.1038961038961039
0.38961038961038963,0.8311688311688312
0.3246753246753247,0.4025974025974026
1.4805194805194806,0.2597402597402597
0.7142857142857143,0.37662337662337664
0.19480519480519481,0.6623376623376623
0.36363636363636365,0.6233766233766234
1.077922077922078,0.22077922077922077
1.1818181818181819,0.4805194805194805
0.37662337662337664,0.09090909090909091
1.2727272727272727,0.5714285714285714
0.35064935064935066,0.06493506493506493
0.7532467532467533,0.7012987012987013
1.2857142857142858,0.012987012987012988
0.4155844155844156,0.5714285714285714
1.1688311688311688,0.5454545454545454
1.2857142857142858,0.37662337662337664
0.8701298701298701,0.09090909090909091
0.2727272727272727,0.8441558441558441
0.5194805194805194,0.1038961038961039
0.6883116883116883,0.5064935064935064
0.44155844155844154,0.2597402597402597
0.935064935064935,0.5454545454545454
1.1818181818181819,0.7142857142857143
0.7792207792207793,0.6233766233766234
1.0389610389610389,0.2857142857142857
1.3506493506493507,0.4155844155844156
1.5714285714285714,0.7922077922077922
0.37662337662337664,0.16883116883116883
0.2597402597402597,0.7012987012987013
0.5064935064935064,0.24675324675324675
0.8051948051948052,0.4675324675324675
0.6753246753246753,0.7272727272727273
0.6103896103896104,0.5064935064935064
0.38961038961038963,0.5974025974025974
0.4675324675324675,0.8571428571428571
0.8051948051948052,0.18181818181818182
0.33766233766233766,0.15584415584415584
0.4675324675324675,0.025974025974025976
0.8961038961038961,0.2987012987012987
0.8571428571428571,0.5714285714285714
1.2467532467532467,0.7792207792207793
0.2597402597402597,0.4155844155844156
0.5454545454545454,0.4155844155844156
1.2207792207792207,0.5194805194805194
0.2857142857142857,0.7792207792207793
1.4415584415584415,0.35064935064935066
0.6883116883116883,0.5844155844155844
0.7012987012987013,0.7792207792207793
0.974025974025974,0.16883116883116883
1.3636363636363635,0.4805194805194805
0.7272727272727273,0.7272727272727273
0.2987012987012987,0.45454545454545453
0.42857142857142855,0.3246753246753247
1.12987012987013,0.09090909090909091
0.3116883116883117,0.23376623376623376
1.2727272727272727,0.23376623376623376
0.6623376623376623,0.16883116883116883
0.7142857142857143,0.5584415584415584
0.6753246753246753,0.2857142857142857
0.948051948051948,0.7402597402597403
0.7272727272727273,0.05194805194805195
0.8961038961038961,0.7662337662337663
1.051948051948052,0.8181818181818182
0.8441558441558441,0.24675324675324675
0.8701298701298701,0.03896103896103896
0.5844155844155844,0.012987012987012988
0.8051948051948052,0.44155844155844154
0.4805194805194805,0.37662337662337664
1.2077922077922079,0.4805194805194805
0.6233766233766234,0.4675324675324675
0.4935064935064935,0.7792207792207793
1.103896103896104,0.16883116883116883
0.5714285714285714,0.33766233766233766
0.5584415584415584,0.14285714285714285
1.077922077922078,0.5584415584415584
0.922077922077922,0.2987012987012987
0.4155844155844156,0.36363636363636365
0.7272727272727273,0.2597402597402597
1.5324675324675325,0.7272727272727273
0.35064935064935066,0.24675324675324675
1.4545454545454546,0.6753246753246753
0.6753246753246753,0.6753246753246753
1.4285714285714286,0.7532467532467533
0.922077922077922,0.03896103896103896
0.2857142857142857,0.7012987012987013
0.3116883116883117,0.44155844155844154
1.077922077922078,0.16883116883116883
0.7012987012987013,0.5194805194805194
1.3246753246753247,0.7272727272727273
0.7272727272727273,0.7012987012987013
0.42857142857142855,0.14285714285714285
0.4935064935064935,0.4935064935064935
1.3246753246753247,0.38961038961038963
0.44155844155844154,0.36363636363636365
1.5324675324675325,0.3116883116883117
0.7142857142857143,0.2987012987012987
1.0389610389610389,0.8571428571428571
1.4675324675324675,0.35064935064935066
1.2727272727272727,0.36363636363636365
1.4155844155844155,0.11688311688311688
1.3376623376623376,0.11688311688311688
1.0,0.7662337662337663
0.22077922077922077,0.35064935064935066
0.5324675324675324,0.8701298701298701
1.4675324675324675,0.14285714285714285
0.5454545454545454,0.4935064935064935
0.38961038961038963,0.5714285714285714
0.5974025974025974,0.44155844155844154
0.987012987012987,0.38961038961038963
1.025974025974026,0.5844155844155844
1.0649350649350648,0.7532467532467533
1.6103896103896105,0.5454545454545454
0.4155844155844156,0.8311688311688312
0.5454545454545454,0.15584415584415584
0.7792207792207793,0.18181818181818182
0.3246753246753247,0.7922077922077922
0.6493506493506493,0.8831168831168831
1.4285714285714286,0.2597402597402597
0.42857142857142855,0.35064935064935066
1.5064935064935066,0.5194805194805194
0.42857142857142855,0.8181818181818182
0.8961038961038961,0.8701298701298701
1.2597402597402598,0.03896103896103896
1.5454545454545454,0.6623376623376623
0.2077922077922078,0.6233766233766234
0.8571428571428571,0.8051948051948052
0.5844155844155844,0.6363636363636364
0.5974025974025974,0.8831168831168831
1.077922077922078,0.5064935064935064
1.2077922077922079,0.24675324675324675
0.2597402597402597,0.36363636363636365
1.3246753246753247,0.44155844155844154
0.8051948051948052,0.36363636363636365
0.974025974025974,0.5064935064935064
0.44155844155844154,0.6493506493506493
1.103896103896104,0.09090909090909091
0.6363636363636364,0.35064935064935066
0.7012987012987013,0.4675324675324675
1.2987012987012987,0.6493506493506493
0.19480519480519481,0.5324675324675324
0.9090909090909091,0.36363636363636365
0.961038961038961,0.4935064935064935
1.5584415584415585,0.6493506493506493
0.935064935064935,0.5714285714285714
1.4935064935064934,0.24675324675324675
0.5194805194805194,0.0
0.24675324675324675,0.2987012987012987
0.2077922077922078,0.7532467532467533
0.7662337662337663,0.4805194805194805
0.6883116883116883,0.22077922077922077
0.4025974025974026,0.24675324675324675
1.0389610389610389,0.12987012987012986
0.5064935064935064,0.09090909090909091
0.974025974025974,0.11688311688311688
0.5844155844155844,0.5324675324675324
1.2337662337662338,0.7142857142857143
0.5324675324675324,0.5324675324675324
0.8961038961038961,0.3246753246753247
0.37662337662337664,0.8181818181818182
1.0649350649350648,0.8571428571428571
1.0909090909090908,0.6233766233766234
0.8961038961038961,0.7402597402597403
1.5454545454545454,0.6103896103896104
0.2857142857142857,0.8571428571428571
0.23376623376623376,0.5974025974025974
1.2207792207792207,0.18181818181818182
0.4935064935064935,0.5714285714285714
0.5714285714285714,0.3116883116883117
1.5064935064935066,0.5974025974025974
1.2467532467532467,0.7272727272727273
1.4025974025974026,0.8311688311688312
0.9090909090909091,0.8571428571428571
0.45454545454545453,0.11688311688311688
1.3636363636363635,0.5064935064935064
1.12987012987013,0.6623376623376623
0.8181818181818182,0.4805194805194805
1.4935064935064934,0.16883116883116883
0.22077922077922077,0.6883116883116883
0.5064935064935064,0.45454545454545453
1.5584415584415585,0.7272727272727273
0.7922077922077922,0.4805194805194805
0.5714285714285714,0.2077922077922078
0.2077922077922078,0.36363636363636365
0.2987012987012987,0.5324675324675324
1.4675324675324675,0.42857142857142855
1.3636363636363635,0.3246753246753247
0.5324675324675324,0.5844155844155844
1.1818181818181819,0.2727272727272727
1.1948051948051948,0.2857142857142857
0.6363636363636364,0.6883116883116883
1.4545454545454546,0.4155844155844156
1.5974025974025974,0.4805194805194805
1.1688311688311688,0.0
0.8441558441558441,0.6883116883116883
1.051948051948052,0.35064935064935066
0.23376623376623376,0.7012987012987013
0.987012987012987,0.8831168831168831
0.6103896103896104,0.45454545454545453
0.8181818181818182,0.5324675324675324
1.5974025974025974,0.5584415584415584
0.24675324675324675,0.45454545454545453
1.2727272727272727,0.025974025974025976
0.7922077922077922,0.5324675324675324
1.5194805194805194,0.5064935064935064
0.5714285714285714,0.2597402597402597
0.4155844155844156,0.3116883116883117
0.6753246753246753,0.1038961038961039
1.2597402597402598,0.5324675324675324
1.0,0.7142857142857143
1.4025974025974026,0.1038961038961039
0.15584415584415584,0.8311688311688312
0.45454545454545453,0.7662337662337663
0.7272727272727273,0.6233766233766234
1.4155844155844155,0.42857142857142855
1.4415584415584415,0.4805194805194805
0.8441558441558441,0.45454545454545453
0.38961038961038963,0.7532467532467533
1.3246753246753247,0.5194805194805194
1.4545454545454546,0.6233766233766234
0.5974025974025974,0.025974025974025976
1.103896103896104,0.7402597402597403
0.935064935064935,0.44155844155844154
1.2467532467532467,0.36363636363636365
1.1818181818181819,0.7402597402597403
1.0389610389610389,0.5974025974025974
0.5194805194805194,0.4935064935064935
0.6493506493506493,0.23376623376623376
0.6883116883116883,0.7142857142857143
1.2467532467532467,0.2597402597402597
0.6623376623376623,0.6103896103896104
0.5714285714285714,0.8311688311688312
0.8311688311688312,0.7012987012987013
0.8181818181818182,0.03896103896103896
1.1688311688311688,0.7532467532467533
1.3766233766233766,0.8051948051948052
0.2077922077922078,0.5194805194805194
0.922077922077922,0.5584415584415584
1.3766233766233766,0.5454545454545454
1.5974025974025974,0.5064935064935064
0.33766233766233766,0.8571428571428571
0.5974025974025974,0.6753246753246753
1.1168831168831168,0.7012987012987013
0.5064935064935064,0.22077922077922077
1.1688311688311688,0.6753246753246753
0.33766233766233766,0.2597402597402597
1.2337662337662338,0.16883116883116883
1.6493506493506493,0.7402597402597403
1.3636363636363635,0.03896103896103896
1.3116883116883118,0.5324675324675324
0.5454545454545454,0.33766233766233766
0.7272727272727273,0.8311688311688312
0.8571428571428571,0.5194805194805194
0.974025974025974,0.5324675324675324
1.0,0.6623376623376623
0.8441558441558441,0.4025974025974026
0.42857142857142855,0.4025974025974026
0.2077922077922078,0.7792207792207793
0.5194805194805194,0.5974025974025974
1.4805194805194806,0.4675324675324675
1.1818181818181819,0.45454545454545453
0.22077922077922077,0.8961038961038961
1.2857142857142858,0.4025974025974026
1.3506493506493507,0.7792207792207793
0.2987012987012987,0.7662337662337663
0.22077922077922077,0.3246753246753247
1.4545454545454546,0.7792207792207793
1.103896103896104,0.14285714285714285
0.8051948051948052,0.07792207792207792
0.8961038961038961,0.6623376623376623
1.3376623376623376,0.09090909090909091
1.5324675324675325,0.18181818181818182
1.5974025974025974,0.6363636363636364
0.6233766233766234,0.8831168831168831
0.5194805194805194,0.8311688311688312
1.3636363636363635,0.7402597402597403
1.0909090909090908,0.33766233766233766
0.922077922077922,0.8701298701298701
1.0389610389610389,0.4155844155844156
1.5064935064935066,0.8051948051948052
0.6103896103896104,0.11688311688311688
0.7012987012987013,0.07792207792207792
1.3376623376623376,0.22077922077922077
1.0909090909090908,0.44155844155844154
0.4805194805194805,0.8441558441558441
0.6103896103896104,0.4805194805194805
1.155844155844156,0.09090909090909091
1.077922077922078,0.24675324675324675
0.935064935064935,0.38961038961038963
1.3636363636363635,0.6623376623376623
1.3246753246753247,0.18181818181818182
0.44155844155844154,0.44155844155844154
1.103896103896104,0.22077922077922077
0.6883116883116883,0.06493506493506493
0.3246753246753247,0.4805194805194805
0.37662337662337664,0.4805194805194805
1.1428571428571428,0.7532467532467533
0.7922077922077922,0.6103896103896104
0.948051948051948,0.8701298701298701
0.922077922077922,0.4025974025974026
0.16883116883116883,0.19480519480519481
0.45454545454545453,0.4025974025974026
0.4805194805194805,0.7662337662337663
1.2337662337662338,0.4025974025974026
0.5194805194805194,0.2597402597402597
0.961038961038961,0.33766233766233766
0.44155844155844154,0.8311688311688312
0.7142857142857143,0.7402597402597403
0.5844155844155844,0.6103896103896104
1.1948051948051948,0.5454545454545454
0.2727272727272727,0.7142857142857143
0.8051948051948052,0.7532467532467533
0.23376623376623376,0.4935064935064935
1.1168831168831168,0.4675324675324675
0.7792207792207793,0.36363636363636365
1.5844155844155845,0.44155844155844154
0.6103896103896104,0.6363636363636364
0.38961038961038963,0.18181818181818182
0.7272727272727273,0.3116883116883117
0.6753246753246753,0.6233766233766234
1.1168831168831168,0.2077922077922078
1.077922077922078,0.7922077922077922
0.36363636363636365,0.8571428571428571
0.6883116883116883,0.7402597402597403
0.36363636363636365,0.18181818181818182
0.38961038961038963,0.36363636363636365
0.22077922077922077,0.7142857142857143
0.6363636363636364,0.45454545454545453
0.7402597402597403,0.8441558441558441
0.7532467532467533,0.5974025974025974
0.922077922077922,0.09090909090909091
0.9090909090909091,0.2077922077922078
0.2727272727272727,0.24675324675324675
1.077922077922078,0.14285714285714285
0.37662337662337664,0.7402597402597403
0.7272727272727273,0.5194805194805194
0.2597402597402597,0.4935064935064935
0.961038961038961,0.44155844155844154
1.5064935064935066,0.44155844155844154
0.7142857142857143,0.42857142857142855
0.5194805194805194,0.07792207792207792
0.8311688311688312,0.6233766233766234
1.2857142857142858,0.2987012987012987
0.4935064935064935,0.15584415584415584
0.7012987012987013,0.7272727272727273
0.2727272727272727,0.6363636363636364
1.3376623376623376,0.8181818181818182
0.4675324675324675,0.6753246753246753
1.0649350649350648,0.38961038961038963
0.5064935064935064,0.6103896103896104
0.4935064935064935,0.2077922077922078
1.051948051948052,0.4805194805194805
1.3766233766233766,0.15584415584415584
0.6233766233766234,0.2077922077922078
0.2987012987012987,0.35064935064935066
0.6233766233766234,0.5454545454545454
1.3896103896103895,0.09090909090909091
1.12987012987013,0.7142857142857143
1.6103896103896105,0.5714285714285714
1.1948051948051948,0.05194805194805195
0.45454545454545453,0.5844155844155844
1.155844155844156,0.6103896103896104
0.4935064935064935,0.36363636363636365
0.3246753246753247,0.35064935064935066
1.1948051948051948,0.025974025974025976
1.5324675324675325,0.33766233766233766
1.2077922077922079,0.42857142857142855
1.3896103896103895,0.7922077922077922
1.4545454545454546,0.7272727272727273
0.6233766233766234,0.8571428571428571
0.5454545454545454,0.12987012987012986
0.8441558441558441,0.2987012987012987
1.0909090909090908,0.5194805194805194
0.4935064935064935,0.33766233766233766
1.3636363636363635,0.4025974025974026
0.5974025974025974,0.6493506493506493
1.103896103896104,0.4805194805194805
0.7662337662337663,0.2727272727272727
0.961038961038961,0.5974025974025974
0.5324675324675324,0.14285714285714285
0.23376623376623376,0.3116883116883117
0.8961038961038961,0.8181818181818182
0.6753246753246753,0.07792207792207792
0.922077922077922,0.5064935064935064
1.0649350649350648,0.025974025974025976
0.18181818181818182,0.18181818181818182
0.7792207792207793,0.2597402597402597
0.4675324675324675,0.2597402597402597
1.2207792207792207,0.8311688311688312
0.7272727272727273,0.0
0.8831168831168831,0.5974025974025974
0.3116883116883117,0.6753246753246753
1.2207792207792207,0.4935064935064935
0.36363636363636365,0.2597402597402597
0.5194805194805194,0.6233766233766234
0.2987012987012987,0.09090909090909091
1.5844155844155845,0.6753246753246753
0.4025974025974026,0.16883116883116883
1.025974025974026,0.5064935064935064
0.42857142857142855,0.2987012987012987
0.44155844155844154,0.38961038961038963
0.948051948051948,0.11688311688311688
0.8181818181818182,0.37662337662337664
1.2987012987012987,0.8311688311688312
0.8311688311688312,0.33766233766233766
0.8961038961038961,0.4805194805194805
0.7142857142857143,0.8441558441558441
1.5584415584415585,0.8311688311688312
1.4025974025974026,0.5454545454545454
0.974025974025974,0.42857142857142855
0.7012987012987013,0.36363636363636365
1.2077922077922079,0.6883116883116883
1.3766233766233766,0.1038961038961039
0.5844155844155844,0.7402597402597403
0.8701298701298701,0.7662337662337663
1.2597402597402598,0.24675324675324675
1.4545454545454546,0.36363636363636365
1.0129870129870129,0.5974025974025974
0.5714285714285714,0.5194805194805194
0.8831168831168831,0.7792207792207793
0.19480519480519481,0.7662337662337663
1.4675324675324675,0.3246753246753247
1.0649350649350648,0.2597402597402597
0.961038961038961,0.0
1.4805194805194806,0.5714285714285714
1.1688311688311688,0.3116883116883117
0.5064935064935064,0.14285714285714285
1.3636363636363635,0.2727272727272727
1.4155844155844155,0.2727272727272727
0.987012987012987,0.8311688311688312
1.2077922077922079,0.5064935064935064
1.0,0.8441558441558441
0.6753246753246753,0.5974025974025974
0.35064935064935066,0.42857142857142855
1.025974025974026,0.5324675324675324
1.155844155844156,0.16883116883116883
0.7532467532467533,0.6753246753246753
1.2857142857142858,0.6103896103896104
0.5454545454545454,0.6233766233766234
1.6363636363636365,0.6753246753246753
0.5844155844155844,0.5844155844155844
1.3246753246753247,0.4675324675324675
0.7012987012987013,0.44155844155844154
1.5324675324675325,0.5974025974025974
1.077922077922078,0.19480519480519481
0.8571428571428571,0.7272727272727273
0.5194805194805194,0.7012987012987013
0.15584415584415584,0.8831168831168831
0.6363636363636364,0.922077922077922
0.5584415584415584,0.7402597402597403
1.051948051948052,0.5844155844155844
0.44155844155844154,0.5454545454545454
1.2987012987012987,0.05194805194805195
1.103896103896104,0.42857142857142855
0.974025974025974,0.7142857142857143
0.948051948051948,0.7922077922077922
0.8961038961038961,0.6103896103896104
1.0,0.09090909090909091
0.7792207792207793,0.07792207792207792
1.12987012987013,0.03896103896103896
0.2597402597402597,0.2857142857142857
1.1168831168831168,0.05194805194805195
1.3896103896103895,0.42857142857142855
0.36363636363636365,0.05194805194805195
0.37662337662337664,0.8961038961038961
1.4545454545454546,0.5714285714285714
1.4285714285714286,0.4155844155844156
0.6883116883116883,0.19480519480519481
1.0389610389610389,0.6753246753246753
1.5714285714285714,0.5324675324675324
1.5714285714285714,0.6883116883116883
1.2727272727272727,0.2077922077922078
1.1688311688311688,0.4155844155844156
0.6753246753246753,0.4675324675324675
0.8441558441558441,0.7142857142857143
0.6363636363636364,0.19480519480519481
0.6623376623376623,0.3246753246753247
0.5714285714285714,0.0
0.44155844155844154,0.15584415584415584
1.2077922077922079,0.8181818181818182
0.5194805194805194,0.8571428571428571
0.4935064935064935,0.7012987012987013
1.5584415584415585,0.5194805194805194
0.6233766233766234,0.12987012987012986
0.987012987012987,0.0
0.4025974025974026,0.2987012987012987
0.23376623376623376,0.36363636363636365
0.5064935064935064,0.8181818181818182
0.35064935064935066,0.7142857142857143
0.6623376623376623,0.11688311688311688
1.4025974025974026,0.7792207792207793
0.4675324675324675,0.3116883116883117
0.6623376623376623,0.5584415584415584
0.2727272727272727,0.8181818181818182
0.35064935064935066,0.8441558441558441
0.948051948051948,0.3246753246753247
0.6623376623376623,0.7402597402597403
1.2857142857142858,0.5844155844155844
0.2597402597402597,0.44155844155844154
0.5194805194805194,0.6493506493506493
0.2987012987012987,0.7922077922077922
1.103896103896104,0.35064935064935066
1.2337662337662338,0.3246753246753247
0.6623376623376623,0.5324675324675324
0.37662337662337664,0.4025974025974026
0.8051948051948052,0.5194805194805194
1.6103896103896105,0.7012987012987013
0.7402597402597403,0.5064935064935064
0.8701298701298701,0.14285714285714285
1.6363636363636365,0.6233766233766234
1.2857142857142858,0.42857142857142855
0.4675324675324675,0.5714285714285714
0.922077922077922,0.6623376623376623
0.8311688311688312,0.7532467532467533
0.4025974025974026,0.6363636363636364
0.7142857142857143,0.4025974025974026
0.7272727272727273,0.5974025974025974
0.8831168831168831,0.5714285714285714
1.5194805194805194,0.8181818181818182
1.103896103896104,0.2727272727272727
1.3636363636363635,0.8181818181818182
0.5714285714285714,0.8051948051948052
0.44155844155844154,0.5194805194805194
0.6363636363636364,0.7402597402597403
1.4675324675324675,0.7662337662337663
0.6233766233766234,0.7532467532467533
0.5974025974025974,0.7272727272727273
1.3506493506493507,0.2857142857142857
0.35064935064935066,0.45454545454545453
1.5714285714285714,0.6103896103896104
1.2727272727272727,0.38961038961038963
0.2727272727272727,0.6103896103896104
1.051948051948052,0.06493506493506493
1.077922077922078,0.4025974025974026
1.3246753246753247,0.8051948051948052
0.974025974025974,0.8181818181818182
1.3766233766233766,0.4935064935064935
0.36363636363636365,0.5714285714285714
0.7142857142857143,0.6363636363636364
0.36363636363636365,0.2857142857142857
1.1818181818181819,0.5584415584415584
1.025974025974026,0.6883116883116883
0.9090909090909091,0.4935064935064935
0.7662337662337663,0.37662337662337664
0.6883116883116883,0.6623376623376623
1.12987012987013,0.2987012987012987
0.19480519480519481,0.8441558441558441
1.2727272727272727,0.4675324675324675
0.7272727272727273,0.2857142857142857
0.3246753246753247,0.37662337662337664
0.45454545454545453,0.37662337662337664
0.8051948051948052,0.7792207792207793
0.8961038961038961,0.45454545454545453
0.2987012987012987,0.2727272727272727
0.5844155844155844,0.7922077922077922
0.7142857142857143,0.5064935064935064
1.2727272727272727,0.6233766233766234
0.4675324675324675,0.5194805194805194
1.5324675324675325,0.6493506493506493
0.5584415584415584,0.03896103896103896
1.103896103896104,0.03896103896103896
0.5974025974025974,0.2597402597402597
0.5324675324675324,0.2727272727272727
0.8051948051948052,0.6493506493506493
1.5844155844155845,0.6493506493506493
0.2597402597402597,0.2597402597402597
1.2987012987012987,0.4675324675324675
1.3246753246753247,0.3116883116883117
1.051948051948052,0.7142857142857143
0.24675324675324675,0.7922077922077922
0.7142857142857143,0.7662337662337663
1.1688311688311688,0.2857142857142857
0.33766233766233766,0.38961038961038963
0.23376623376623376,0.7272727272727273
1.4805194805194806,0.33766233766233766
0.4805194805194805,0.06493506493506493
0.8181818181818182,0.3246753246753247
0.4155844155844156,0.38961038961038963
0.7532467532467533,0.4675324675324675
0.7792207792207793,0.4155844155844156
0.7792207792207793,0.4675324675324675
0.5974025974025974,0.8571428571428571
1.2207792207792207,0.2597402597402597
1.2727272727272727,0.4935064935064935
0.7662337662337663,0.6363636363636364
1.1428571428571428,0.7012987012987013
0.44155844155844154,0.6233766233766234
1.5454545454545454,0.45454545454545453
0.7792207792207793,0.23376623376623376
1.5584415584415585,0.7012987012987013
0.33766233766233766,0.9090909090909091
0.935064935064935,0.7792207792207793
0.23376623376623376,0.5714285714285714
0.7532467532467533,0.5454545454545454
0.42857142857142855,0.6363636363636364
0.2727272727272727,0.4025974025974026
1.4285714285714286,0.7272727272727273
1.5064935064935066,0.7532467532467533
0.8181818181818182,0.8181818181818182
0.6623376623376623,0.6623376623376623
1.051948051948052,0.6103896103896104
0.6493506493506493,0.4155844155844156
0.7922077922077922,0.5844155844155844
1.2207792207792207,0.38961038961038963
0.38961038961038963,0.6753246753246753
0.6623376623376623,0.42857142857142855
0.2597402597402597,0.8831168831168831
0.6103896103896104,0.2987012987012987
0.5974025974025974,0.0
1.2337662337662338,0.19480519480519481
0.961038961038961,0.6233766233766234
0.5584415584415584,0.7922077922077922
1.1818181818181819,0.09090909090909091
0.4025974025974026,0.22077922077922077
1.1168831168831168,0.23376623376623376
1.3116883116883118,0.45454545454545453
1.4545454545454546,0.7012987012987013
0.7142857142857143,0.8181818181818182
1.051948051948052,0.4025974025974026
0.935064935064935,0.5194805194805194
1.5064935064935066,0.3116883116883117
0.2077922077922078,0.8311688311688312
0.36363636363636365,0.07792207792207792
1.0129870129870129,0.1038961038961039
1.4545454545454546,0.2857142857142857
0.8051948051948052,0.33766233766233766
1.4155844155844155,0.4025974025974026
1.6363636363636365,0.7272727272727273
0.7532467532467533,0.44155844155844154
0.6493506493506493,0.38961038961038963
0.922077922077922,0.35064935064935066
0.4675324675324675,0.44155844155844154
1.0,0.2987012987012987
1.5194805194805194,0.37662337662337664
1.0649350649350648,0.5714285714285714
1.5194805194805194,0.8441558441558441
0.2597402597402597,0.7532467532467533
1.1428571428571428,0.23376623376623376
1.5194805194805194,0.8701298701298701
1.5974025974025974,0.6623376623376623
0.2727272727272727,0.42857142857142855
1.4935064935064934,0.4025974025974026
1.0129870129870129,0.2857142857142857
1.1168831168831168,0.44155844155844154
0.8571428571428571,0.6493506493506493
1.4285714285714286,0.18181818181818182
1.2987012987012987,0.36363636363636365
1.0909090909090908,0.025974025974025976
1.3246753246753247,0.6753246753246753
1.1818181818181819,0.37662337662337664
0.6233766233766234,0.8051948051948052
1.5844155844155845,0.5974025974025974
0.2857142857142857,0.38961038961038963
1.1948051948051948,0.15584415584415584
1.4025974025974026,0.15584415584415584
1.2597402597402598,0.6363636363636364
0.922077922077922,0.19480519480519481
0.8311688311688312,0.38961038961038963
1.3116883116883118,0.5844155844155844
0.44155844155844154,0.7532467532467533
1.5714285714285714,0.7402597402597403
1.0,0.6103896103896104
0.42857142857142855,0.19480519480519481
1.4415584415584415,0.11688311688311688
0.974025974025974,0.8441558441558441
0.8441558441558441,0.37662337662337664
1.4285714285714286,0.3116883116883117
0.987012987012987,0.36363636363636365
0.5584415584415584,0.22077922077922077
1.0129870129870129,0.07792207792207792
1.051948051948052,0.42857142857142855
0.3246753246753247,0.5844155844155844
1.4415584415584415,0.4025974025974026
0.22077922077922077,0.5064935064935064
1.1688311688311688,0.5194805194805194
0.7532467532467533,0.12987012987012986
1.1948051948051948,0.12987012987012986
1.2597402597402598,0.06493506493506493
1.025974025974026,0.35064935064935066
0.35064935064935066,0.4805194805194805
0.5194805194805194,0.7272727272727273
1.103896103896104,0.6883116883116883
0.8311688311688312,0.12987012987012986
0.6233766233766234,0.7012987012987013
0.42857142857142855,0.11688311688311688
0.35064935064935066,0.7402597402597403
1.4025974025974026,0.7272727272727273
1.3116883116883118,0.37662337662337664
0.8571428571428571,0.2857142857142857
1.2467532467532467,0.8311688311688312
1.155844155844156,0.6363636363636364
1.0389610389610389,0.2597402597402597
1.2337662337662338,0.7922077922077922
1.0649350649350648,0.7012987012987013
0.3246753246753247,0.16883116883116883
0.7012987012987013,0.2597402597402597
0.5064935064935064,0.2727272727272727
1.2467532467532467,0.44155844155844154
1.5584415584415585,0.44155844155844154
1.3116883116883118,0.7922077922077922
0.3246753246753247,0.19480519480519481
0.5974025974025974,0.12987012987012986
1.0649350649350648,0.4155844155844156
0.4805194805194805,0.6623376623376623
0.6103896103896104,0.19480519480519481
0.4025974025974026,0.3246753246753247
1.4285714285714286,0.5194805194805194
0.7012987012987013,0.0
1.2727272727272727,0.4155844155844156
0.948051948051948,0.5064935064935064
1.5324675324675325,0.7792207792207793
1.4155844155844155,0.5844155844155844
0.8701298701298701,0.2727272727272727
1.5064935064935066,0.6493506493506493
1.103896103896104,0.45454545454545453
1.3506493506493507,0.2077922077922078
0.8311688311688312,0.8571428571428571
0.4155844155844156,0.0
0.6363636363636364,0.42857142857142855
0.3116883116883117,0.5714285714285714
0.9090909090909091,0.5974025974025974
0.23376623376623376,0.8051948051948052
1.2077922077922079,0.5324675324675324
0.8441558441558441,0.09090909090909091
1.2467532467532467,0.2077922077922078
0.5324675324675324,0.06493506493506493
0.5064935064935064,0.012987012987012988
0.7662337662337663,0.6103896103896104
0.5584415584415584,0.5844155844155844
1.1168831168831168,0.38961038961038963
0.6753246753246753,0.36363636363636365
1.5064935064935066,0.38961038961038963
1.3636363636363635,0.7662337662337663
0.5584415584415584,0.4025974025974026
0.4675324675324675,0.4935064935064935
0.4675324675324675,0.2077922077922078
1.1948051948051948,0.7792207792207793
1.3766233766233766,0.18181818181818182
1.3246753246753247,0.15584415584415584
0.8831168831168831,0.07792207792207792
0.19480519480519481,0.22077922077922077
0.6233766233766234,0.4935064935064935
0.23376623376623376,0.5454545454545454
0.987012987012987,0.3116883116883117
1.1948051948051948,0.5194805194805194
1.12987012987013,0.45454545454545453
0.8961038961038961,0.24675324675324675
0.2727272727272727,0.5584415584415584
1.0129870129870129,0.2597402597402597
0.4675324675324675,0.8051948051948052
1.3896103896103895,0.7142857142857143
0.2857142857142857,0.2077922077922078
0.935064935064935,0.2597402597402597
1.0909090909090908,0.6753246753246753
0.19480519480519481,0.5844155844155844
0.6233766233766234,0.5974025974025974
0.44155844155844154,0.7792207792207793
0.5454545454545454,0.6493506493506493
0.5584415584415584,0.35064935064935066
0.8831168831168831,0.15584415584415584
0.2987012987012987,0.6883116883116883
0.36363636363636365,0.9090909090909091
1.2597402597402598,0.5844155844155844
0.935064935064935,0.8311688311688312
0.8831168831168831,0.4935064935064935
0.8831168831168831,0.8051948051948052
1.3506493506493507,0.3116883116883117
0.4805194805194805,0.5064935064935064
0.9090909090909091,0.2597402597402597
0.2597402597402597,0.33766233766233766
1.0649350649350648,0.8051948051948052
0.2727272727272727,0.09090909090909091
0.2857142857142857,0.7532467532467533
0.5584415584415584,0.37662337662337664
0.2077922077922078,0.12987012987012986
0.8181818181818182,0.5064935064935064
0.5194805194805194,0.33766233766233766
0.6363636363636364,0.7142857142857143
0.7402597402597403,0.6623376623376623
0.5844155844155844,0.09090909090909091
1.3246753246753247,0.8311688311688312
0.37662337662337664,0.2987012987012987
0.6233766233766234,0.1038961038961039
0.974025974025974,0.19480519480519481
1.5324675324675325,0.7012987012987013
0.961038961038961,0.23376623376623376
1.1818181818181819,0.6103896103896104
1.051948051948052,0.16883116883116883
1.3246753246753247,0.6233766233766234
0.9090909090909091,0.1038961038961039
0.987012987012987,0.6753246753246753
0.23376623376623376,0.33766233766233766
1.5064935064935066,0.33766233766233766
1.2077922077922079,0.14285714285714285
1.4805194805194806,0.3116883116883117
0.42857142857142855,0.03896103896103896
0.2077922077922078,0.4675324675324675
1.2077922077922079,0.7662337662337663
0.7792207792207793,0.4935064935064935
1.4805194805194806,0.8051948051948052
1.051948051948052,0.37662337662337664
1.4545454545454546,0.12987012987012986
0.6753246753246753,0.12987012987012986
1.2337662337662338,0.5584415584415584
0.2597402597402597,0.38961038961038963
0.4155844155844156,0.44155844155844154
0.22077922077922077,0.7922077922077922
0.2597402597402597,0.4675324675324675
1.5584415584415585,0.5714285714285714
0.6623376623376623,0.8441558441558441
1.5324675324675325,0.7532467532467533
1.1428571428571428,0.5714285714285714
0.5974025974025974,0.4675324675324675
0.8181818181818182,0.6363636363636364
1.6103896103896105,0.5974025974025974
1.025974025974026,0.11688311688311688
0.7532467532467533,0.23376623376623376
1.2597402597402598,0.4025974025974026
0.3116883116883117,0.3116883116883117
0.7402597402597403,0.24675324675324675
0.7272727272727273,0.12987012987012986
0.36363636363636365,0.5974025974025974
1.3376623376623376,0.5584415584415584
0.5974025974025974,0.38961038961038963
0.35064935064935066,0.7662337662337663
1.0129870129870129,0.23376623376623376
0.935064935064935,0.05194805194805195
0.9090909090909091,0.38961038961038963
1.0129870129870129,0.8051948051948052
0.922077922077922,0.22077922077922077
1.4545454545454546,0.8051948051948052
1.12987012987013,0.22077922077922077
0.33766233766233766,0.3116883116883117
0.7792207792207793,0.7792207792207793
1.2337662337662338,0.42857142857142855
1.3246753246753247,0.025974025974025976
1.5324675324675325,0.8311688311688312
1.0389610389610389,0.6233766233766234
0.23376623376623376,0.44155844155844154
1.0389610389610389,0.44155844155844154
0.7272727272727273,0.5714285714285714
1.5194805194805194,0.24675324675324675
0.9090909090909091,0.025974025974025976
1.1428571428571428,0.2077922077922078
1.0649350649350648,0.6233766233766234
1.2987012987012987,0.2857142857142857
0.22077922077922077,0.4025974025974026
1.2467532467532467,0.8051948051948052
0.7142857142857143,0.06493506493506493
0.974025974025974,0.7922077922077922
0.987012987012987,0.4935064935064935
0.45454545454545453,0.16883116883116883
0.2597402597402597,0.6753246753246753
0.24675324675324675,0.35064935064935066
0.8051948051948052,0.2857142857142857
0.8441558441558441,0.5324675324675324
0.2857142857142857,0.33766233766233766
0.935064935064935,0.5974025974025974
1.0,0.45454545454545453
0.6493506493506493,0.2597402597402597
1.025974025974026,0.09090909090909091
0.922077922077922,0.7142857142857143
1.2597402597402598,0.2987012987012987
0.6233766233766234,0.6493506493506493
1.025974025974026,0.012987012987012988
1.4675324675324675,0.5064935064935064
1.4155844155844155,0.7922077922077922
1.1818181818181819,0.012987012987012988
1.5194805194805194,0.5324675324675324
0.6623376623376623,0.2727272727272727
0.22077922077922077,0.45454545454545453
0.35064935064935066,0.14285714285714285
0.5974025974025974,0.3116883116883117
0.7922077922077922,0.7922077922077922
1.5454545454545454,0.5324675324675324
1.1688311688311688,0.2077922077922078
0.33766233766233766,0.23376623376623376
0.5064935064935064,0.7142857142857143
0.3246753246753247,0.8961038961038961
1.1168831168831168,0.07792207792207792
0.5974025974025974,0.2857142857142857
0.7402597402597403,0.8701298701298701
1.1168831168831168,0.6753246753246753
0.922077922077922,0.6363636363636364
1.0649350649350648,0.5194805194805194
0.8181818181818182,0.22077922077922077
1.3376623376623376,0.6363636363636364
0.5584415584415584,0.6103896103896104
1.4545454545454546,0.5194805194805194
1.051948051948052,0.2727272727272727
1.3636363636363635,0.16883116883116883
0.2987012987012987,0.24675324675324675
1.1688311688311688,0.7792207792207793
0.6753246753246753,0.4155844155844156
1.0129870129870129,0.44155844155844154
1.3116883116883118,0.6103896103896104
0.44155844155844154,0.5714285714285714
1.0389610389610389,0.3116883116883117
0.4675324675324675,0.6493506493506493
0.6883116883116883,0.11688311688311688
1.5324675324675325,0.5714285714285714
1.5584415584415585,0.4935064935064935
1.5194805194805194,0.35064935064935066
0.6363636363636364,0.37662337662337664
1.1948051948051948,0.3116883116883117
0.45454545454545453,0.35064935064935066
0.7662337662337663,0.5584415584415584
0.7922077922077922,0.2727272727272727
0.4805194805194805,0.5324675324675324
0.33766233766233766,0.7012987012987013
0.2597402597402597,0.8051948051948052
1.2857142857142858,0.14285714285714285
0.6103896103896104,0.6883116883116883
0.2727272727272727,0.3246753246753247
1.2727272727272727,0.18181818181818182
1.0389610389610389,0.1038961038961039
0.4025974025974026,0.5324675324675324
0.7012987012987013,0.6233766233766234
1.0909090909090908,0.2077922077922078
1.4415584415584415,0.6623376623376623
1.0129870129870129,0.38961038961038963
1.077922077922078,0.35064935064935066
0.7402597402597403,0.45454545454545453
0.19480519480519481,0.5584415584415584
0.8051948051948052,0.23376623376623376
1.2597402597402598,0.8181818181818182
0.8571428571428571,0.3116883116883117
0.5714285714285714,0.7532467532467533
0.4155844155844156,0.7792207792207793
