3
5
7
8
10
12
15
16
18
22
23
26
30
31
34
35
38
39
41
43
46
48
49
50
51
52
53
54
55
56
57
58
61
64
65
67
70
72
74
75
80
81
84
86
91
94
97
99
100
101
102
103
105
109
110
112
113
115
116
120
122
125
126
127
129
131
133
135
136
138
139
143
144
145
146
147
150
151
152
153
157
158
160
161
164
166
167
171
172
174
175
176
178
179
182
185
186
187
189
191
193
194
197
198
199
203
206
209
210
211
212
213
215
217
221
223
225
229
230
231
233
236
238
239
241
244
245
246
250
253
259
262
264
267
269
271
274
277
278
279
280
282
285
288
290
293
294
295
296
297
299
300
302
304
306
307
314
317
318
325
327
329
331
332
335
336
337
339
340
341
343
345
346
349
353
354
355
357
360
365
371
372
373
379
380
382
384
385
388
391
392
393
394
396
399
400
401
403
404
407
408
411
413
416
420
421
423
425
427
429
430
432
437
438
439
440
442
443
444
447
449
451
452
457
458
459
461
465
467
468
469
471
472
473
475
476
480
485
487
490
493
494
496
498
502
505
508
509
512
513
515
517
521
523
524
525
528
530
532
533
534
535
538
539
540
542
549
550
553
556
558
560
561
564
565
568
569
571
572
573
574
575
577
578
581
583
584
585
588
589
591
592
595
598
600
601
603
604
605
606
607
608
609
610
611
612
614
615
617
619
620
621
623
625
627
628
629
631
632
633
635
637
640
641
642
645
649
650
651
653
654
656
657
659
660
661
662
663
664
666
669
673
675
677
679
680
685
687
692
693
695
699
700
701
704
705
707
708
711
714
715
717
721
722
723
725
727
729
731
733
734
735
736
738
742
743
745
748
749
753
757
759
761
764
766
771
772
773
776
777
782
783
784
788
792
794
799
802
803
810
812
813
814
816
818
820
821
825
826
831
833
837
838
840
841
843
844
845
846
847
848
849
851
853
855
856
857
860
861
863
865
866
867
869
870
874
875
877
880
881
886
887
888
893
896
897
898
901
902
903
904
905
906
907
908
911
913
916
917
920
921
922
923
926
930
931
932
933
934
935
939
940
941
943
944
945
947
948
951
957
958
959
963
965
966
967
968
969
970
974
975
976
977
980
983
986
989
992
994
995
996
997
999
1000
1002
1003
1004
1007
1012
1015
1017
1018
1019
1020
1022
1026
1027
1028
1029
1030
1031
1033
1034
1036
1037
1038
1039
1040
1041
1042
1043
1046
1048
1049
1050
1054
1055
1056
1060
1061
1062
1065
1067
1068
1069
1070
1082
1087
1089
1091
1095
1096
1098
1099
1100
1104
1105
1107
1108
1109
1110
1113
1117
1118
1122
1125
1127
1134
1135
1138
1144
1145
1149
1151
1152
1153
1154
1156
1161
1162
1163
1165
1166
1168
1173
1174
1179
1181
1182
1183
1187
1188
1189
1191
1193
1194
1200
1201
1202
1203
1206
1207
1208
1210
1213
1215
1216
1217
1219
1223
1227
1228
1229
1234
1235
1236
1237
1239
1240
1245
1247
1248
1252
1253
1255
1257
1259
1262
1264
1267
1269
1271
1272
1273
1274
1275
1276
1277
1278
1279
1280
1281
1282
1283
1284
1285
1287
1291
1292
1293
1294
1295
1296
1297
1299
1300
1302
1304
1306
1308
1313
1314
1315
1316
1317
1318
1319
1320
1321
1323
1325
1326
1327
1329
1331
1332
1334
1336
1340
1341
1342
1344
1345
1346
1347
1349
1350
1352
1353
1354
1355
1356
1357
1360
1362
1363
1365
1368
1371
1375
1376
1380
1382
1383
1384
1386
1387
1388
1389
1392
1395
1396
1397
1398
1399
1401
1402
1404
1411
1412
1414
1415
1417
1426
1427
1431
1432
1434
1436
1437
1438
1440
1442
1444
1445
1447
1448
1449
1450
1451
1452
1453
1454
1455
1458
1459
1460
1462
1463
1464
1466
1469
1473
1475
1476
1478
1479
1481
1483
1484
1485
1489
1491
1492
1493
1495
1497
1498
1499
1502
1503
1504
1506
1513
1516
1518
1519
1522
1523
1527
1529
1530
1531
1532
1533
1534
1535
1536
1538
1541
1542
1546
1548
1549
1550
1551
1553
1554
1555
1560
1561
1563
1567
1568
1569
1570
1571
1572
1575
1578
1579
1580
1581
1582
1583
1584
1585
1586
1587
1588
1589
1590
1593
1597
1598
1599
1600
1601
1604
1607
1611
1615
1620
1621
1622
1625
1626
1628
1630
1633
1636
1639
1641
1643
1647
1649
1650
1651
1652
1653
1656
1658
1662
1667
1668
1671
1672
1673
1679
1681
1683
1684
1688
1689
1690
1691
1692
1693
1695
1697
1698
1701
1702
1707
1710
1713
1715
1716
1717
1718
1719
1720
1722
1723
1724
1725
1727
1728
1729
1731
1732
1734
1737
1739
1744
1752
1753
1754
1755
1756
1766
1767
1768
1769
1770
1771
1774
1775
1777
1779
1780
1782
1783
1785
1786
1787
1792
1793
1794
1795
1796
1799
1800
1802
1803
1805
1807
1809
1811
1812
1813
1816
1819
1820
1822
1823
1826
1827
1832
1833
1837
1839
1840
1841
1843
1849
1852
1854
1855
1856
1862
1867
1868
1869
1871
1872
1875
1876
1878
1881
1882
1883
1884
1885
1886
1888
1890
1894
1896
1898
1899
1900
1901
1902
1903
1904
1905
1906
1907
1908
1910
1915
1916
1917
1920
1926
1931
1933
1934
1936
1942
1945
1948
1950
1952
1955
1956
1957
1958
1965
1967
1969
1970
1972
1974
1975
1977
1979
1981
1982
1985
1989
1990
1991
1995
1996
1998
2001
2002
2003
2007
2010
2011
2013
2017
2018
2020
2022
2023
2025
2026
2031
2036
2038
2041
2042
2046
2049
2051
2052
2053
2054
2057
2060
2062
2063
2066
2067
2071
2073
2074
2077
2078
2080
2084
2085
2088
2089
2091
2093
2094
2096
2097
2098
2100
2101
2105
2107
2109
2113
2116
2118
2119
2122
2123
2125
2127
2128
2130
2132
2133
2136
2139
2141
2144
2145
2146
2149
2150
2152
2154
2155
2157
2158
2164
2165
2167
2168
2174
2175
2176
2180
2181
2182
2185
2191
2192
2194
2195
2197
2199
2200
2201
2202
2203
2205
2206
2212
2213
2215
2216
2217
2218
2219
2220
2222
2225
2227
2230
2232
2233
2234
2239
2240
2241
2242
2243
2244
2246
2247
2248
2249
2251
2252
2253
2254
2255
2259
2261
2267
2275
2276
2277
2279
2284
2285
2287
2290
2292
2295
2298
2299
2300
2301
2305
2309
2316
2317
2321
2323
2331
2337
2338
2339
2341
2342
2344
2345
2351
2354
2357
2359
2362
2363
2364
2365
2366
2367
2369
2370
2372
2374
2375
2376
2380
2381
2382
2383
2384
2385
2388
2389
2390
2393
2397
2403
2406
2407
2411
2416
2421
2422
2425
2427
2429
2430
2431
2432
2434
2436
2439
2441
2447
2448
2449
2453
2458
2465
2467
2468
2469
2471
2472
2473
2475
2476
2477
2478
2481
2482
2483
2484
2488
2490
2491
2493
2495
2496
2498
2499
2501
2503
2505
2506
2507
2508
2510
2512
2513
2514
2516
2518
2519
2521
2522
2523
2525
2526
2527
2528
2529
2530
2535
2538
2539
2541
2542
2545
2546
2548
2550
2558
2559
2560
2562
2563
2565
2567
2569
2574
2575
2576
2579
2580
2583
2586
2588
2590
2592
2594
2595
2597
2600
2602
2604
2605
2606
2607
2608
2609
2613
2615
2616
2617
2618
2619
2620
2622
2624
2625
2626
2628
2631
2632
2633
2637
2639
2642
2643
2644
2645
2650
2651
2652
2653
2654
2655
2656
2657
2658
2663
2666
2667
2668
2675
2681
2683
2686
2687
2688
2690
2691
2692
2695
2696
2701
2702
2703
2704
2710
2711
2713
2716
2719
2721
2724
2727
2729
2730
2731
2735
2737
2739
2740
2741
2742
2743
2745
2746
2747
2748
2750
2752
2755
2757
2759
2761
2762
2764
2767
2768
2773
2776
2777
2779
2780
2783
2785
2788
2790
2791
2792
2795
2796
2797
2799
2802
2805
2807
2809
2811
2814
2821
2822
2823
2826
2828
2829
2831
2833
2834
2835
2836
2837
2838
2839
2840
2842
2843
2847
2849
2850
2854
2855
2856
2862
2863
2870
2874
2875
2878
2883
2885
2887
2888
2889
2891
2892
2897
2900
2902
2903
2905
2906
2907
2909
2911
2915
2916
2918
2921
2922
2923
2925
2927
2928
2930
2932
2933
2934
2935
2936
2942
2944
2947
2948
2949
2950
2951
2952
2954
2956
2959
2961
2964
2965
2967
2969
2970
2972
2973
2974
2975
2976
2981
2983
2984
2985
2986
2987
2989
2990
2991
2994
2995
3000
3001
3002
3005
3006
3008
3009
3011
3013
3015
3017
3018
3023
3025
3027
3031
3034
3035
3037
3039
3040
3041
3042
3044
3045
3047
3049
3053
3056
3061
3062
3063
3064
3069
3070
3071
3072
3073
3074
3078
3079
3081
3085
3086
3091
3093
3096
3100
3102
3104
3105
3106
3107
3108
3110
3119
3120
3121
3123
3124
3125
3126
3128
3130
3131
3132
3135
3136
3138
3140
3142
3145
3147
3152
3153
3156
3157
3158
3159
3160
3161
3163
3164
3170
3171
3173
3174
3183
3185
3188
3189
3196
3198
3199
3204
3205
3206
3210
3211
3212
3213
3214
3216
3217
3221
3222
3226
3228
3231
3232
3236
3239
3241
3243
3245
3251
3253
3254
3255
3256
3261
3267
3271
3272
3275
3276
3277
3280
3281
3283
3284
3285
3289
3290
3292
3297
3298
3299
3302
3303
3306
3307
3309
3311
3312
3313
3314
3315
3316
3318
3322
3325
3326
3327
3328
3330
3332
3335
3337
3339
3341
3342
3345
3347
3348
3349
3350
3351
3352
3353
3356
3357
3362
3364
3365
3368
3369
3372
3374
3375
3380
3382
3385
3389
3390
3391
3392
3393
3396
3397
3401
3406
3408
3410
3413
3415
3417
3418
3419
3420
3421
3423
3425
3426
3427
3429
3430
3431
3433
3434
3437
3438
3439
3440
3443
3444
3445
3447
3449
3451
3452
3453
3455
3458
3459
